7
7
6
6
6
6
6
6
4
4
5
5
4
4
3
3
5
5
6
6
5
5
3
3
4
4
7
7
1
1
2
2
3
3
5
5
5
5
1
1
2
2
3
3
5
5
5
5
2
2
5
5
6
6
3
3
5
5
2
2
11
11
5
5
5
8
8
8
21
21
21
6
6
3
3
3
3
3
3
6
6
6
6
6
6
6
6
6
6
6
6
6
6
6
6
6
6
6
6
6
6
5
5
3
3
2
2
1
1
7
7
7
7
1
1
5
5
4
4
4
4
5
5
5
5
3
3
6
6
1
1
2
2
1
1
3
3
3
3
3
3
2
2
5
5
4
4
4
4
1
1
1
1
2
2
1
1
1
1
2
2
1
1
1
1
1
1
1
1
1
1
2
2
2
2
16
16
19
19
1
1
1
3
3
3
1
1
17
17
17
15
15
16
16
16
16
16
16
11
11
11
23
23
17
17
22
22
22
9
9
16
16
2
2
2
6
6
6
9
9
1
1
5
5
5
14
14
14
17
17
17
17
17
17
23
23
23
23
23
14
14
1
1
6
6
7
7
9
9
14
14
10
10
10
13
13
22
22
22
15
15
17
17
23
23
24
24
24
17
17
2
2
20
20
23
23
23
17
17
17
7
7
7
14
14
16
16
17
17
1
1
1
1
2
2
1
1
1
1
1
1
1
1
5
5
1
1
1
1
2
2
1
1
1
1
1
1
1
1
3
3
1
1
1
1
7
7
3
3
1
1
1
1
1
1
3
3
1
1
1
1
1
1
2
2
1
1
3
3
4
4
2
2
2
2
2
2
3
3
1
1
1
1
5
5
3
3
6
6
5
5
5
5
5
5
3
3
3
3
2
2
6
6
5
5
2
2
4
4
5
5
6
6
6
6
6
6
7
7
1
1
1
1
1
1
5
5
50
50
46
46
46
46
3
3
6
6
2
2
1
1
1
1
