4
4
6
6
4
4
4
4
6
6
5
5
5
5
6
6
6
6
1
1
3
3
2
2
4
4
5
5
5
5
2
2
2
2
4
4
4
4
1
1
2
2
4
4
3
3
3
3
3
3
4
4
5
5
2
2
4
4
1
1
3
3
4
4
4
16
16
16
17
17
17
6
6
5
5
3
3
3
3
6
6
6
6
6
6
8
8
6
6
6
6
6
6
6
6
6
6
6
6
1
1
2
2
3
3
2
2
1
1
5
5
7
7
1
1
6
6
4
4
2
2
4
4
4
4
5
5
4
4
4
4
1
1
1
1
2
2
2
2
2
2
2
2
3
3
3
3
4
4
2
2
1
1
3
3
3
3
1
1
2
2
1
1
1
1
1
1
1
1
1
1
3
3
3
3
17
17
14
14
4
4
4
6
6
6
2
2
23
23
23
13
13
13
13
13
18
18
18
11
11
11
18
18
16
16
1
1
1
10
10
24
24
4
4
4
5
5
5
11
11
2
2
5
5
5
13
13
13
23
23
17
17
17
17
24
24
3
3
3
15
15
1
1
7
7
4
4
9
9
13
13
10
10
10
16
16
15
15
15
20
20
13
13
22
22
22
22
22
16
16
16
16
15
15
18
18
18
20
20
20
2
2
2
8
8
16
16
13
13
1
1
1
1
3
3
3
3
1
1
1
1
1
1
5
5
2
2
1
1
1
1
1
1
1
1
1
1
1
1
1
1
1
1
1
1
4
4
4
4
1
1
1
1
3
3
2
2
1
1
3
3
1
1
1
1
1
1
1
1
2
2
2
2
1
1
4
4
4
4
1
1
1
1
3
3
2
2
1
1
5
5
5
5
7
7
3
3
4
4
4
4
4
4
4
4
4
4
4
4
6
6
4
4
4
4
6
6
6
6
1
1
1
1
1
1
1
1
50
50
42
42
8
8
4
4
2
2
2
2
1
1
1
1
