5
5
3
3
5
5
4
4
3
3
1
1
8
8
7
7
5
5
2
2
3
3
1
1
2
2
2
2
5
5
5
5
3
3
3
3
3
3
2
2
2
2
4
4
3
3
5
5
1
1
2
2
1
1
1
1
5
5
5
5
5
5
9
9
9
4
4
18
18
3
3
3
3
3
3
6
6
8
8
6
6
6
6
8
8
6
6
8
8
5
5
3
3
1
1
8
8
7
7
12
12
7
7
3
3
4
4
4
4
3
3
2
2
1
1
3
3
3
3
2
2
1
1
1
1
4
4
3
3
3
3
3
3
3
3
1
1
1
1
1
1
1
1
1
1
5
5
5
5
1
1
1
1
1
1
1
1
2
2
2
2
3
3
5
5
14
14
2
2
2
2
2
2
2
2
2
10
10
10
1
1
8
8
15
15
15
21
21
21
2
2
7
7
8
8
8
7
7
3
3
3
1
1
1
16
16
16
15
15
15
20
20
1
1
24
24
24
24
24
24
24
24
24
24
24
29
29
29
29
23
23
6
6
6
6
2
2
13
13
16
16
16
16
23
23
23
15
15
16
16
8
8
1
1
15
15
13
13
19
19
16
16
16
16
18
18
18
13
13
17
17
16
16
16
16
20
20
20
13
13
13
1
1
2
2
3
3
3
3
1
1
1
1
1
1
3
3
3
3
2
2
1
1
1
1
1
1
5
5
1
1
1
1
1
1
2
2
2
2
2
2
1
1
1
1
1
1
1
1
2
2
3
3
2
2
1
1
1
1
3
3
1
1
1
1
2
2
1
1
1
1
1
1
3
3
10
10
4
4
1
1
1
1
1
1
1
1
2
2
1
1
1
1
3
3
4
4
2
2
4
4
6
6
6
6
1
1
42
42
36
36
36
36
10
10
5
5
5
5
5
5
2
2
2
2
1
1
1
1
2
2
2
2
