1
3
1
1
4
4
3
3
4
4
4
3
4
4
4
4
19
19
4
4
3
3
3
3
1
1
4
4
4
4
4
4
4
4
4
4
4
3
3
3
4
4
4
4
4
3
3
3
2
2
4
4
1
1
1
3
1
1
4
4
4
3
16
16
16
16
16
9
20
3
3
3
8
3
3
4
4
4
4
3
3
8
8
8
8
3
8
8
8
3
3
1
1
3
3
3
3
3
3
3
3
3
3
1
1
3
3
3
3
3
4
4
4
1
3
1
1
1
3
3
1
3
3
3
3
3
3
3
1
3
3
3
3
1
4
2
1
1
1
1
1
1
1
1
1
1
1
1
1
3
1
4
3
1
1
1
3
1
1
2
1
2
2
2
2
14
14
4
13
13
4
23
4
18
42
18
8
3
8
4
4
4
13
4
4
9
14
21
14
1
16
4
4
4
4
9
21
2
3
1
3
3
2
2
16
3
16
4
4
13
4
4
8
8
9
11
9
4
13
13
14
13
16
21
21
23
23
4
13
20
13
9
9
9
9
1
1
16
3
4
16
4
4
16
16
16
16
14
14
14
14
14
16
17
4
8
16
16
21
21
16
16
16
4
8
8
8
2
9
19
19
16
16
16
16
8
8
9
17
4
16
3
3
2
2
2
2
4
4
3
4
4
1
1
1
1
3
4
4
4
4
4
3
1
1
4
4
3
3
4
4
4
4
3
3
1
1
1
1
3
3
2
2
1
1
1
1
3
3
1
1
1
1
3
3
1
1
3
3
3
3
3
3
3
3
3
3
3
3
3
3
1
1
1
1
1
1
1
1
1
1
1
1
3
3
2
2
3
3
2
2
3
1
4
1
4
4
4
4
4
4
4
4
3
3
1
1
4
4
4
4
4
42
4
4
4
3
2
3
2
2
4
3
2
3
4
8
3
3
3
3
2
2
