1
1
3
3
1
1
3
3
1
3
3
4
4
3
1
3
4
4
2
2
3
3
4
3
3
4
3
3
4
3
4
4
1
1
1
3
1
1
1
1
3
3
3
3
1
3
3
3
1
1
1
1
3
1
1
1
1
1
3
3
3
3
16
16
16
16
3
14
11
3
3
3
3
3
3
4
4
3
3
4
3
4
4
4
4
3
3
4
4
3
3
1
1
1
1
1
1
3
3
3
3
3
3
1
1
3
3
3
4
4
1
3
3
1
1
3
3
4
4
4
3
4
4
4
3
4
3
4
3
4
3
3
4
4
4
2
2
1
1
1
1
1
1
1
1
1
1
1
1
1
1
4
1
1
1
3
1
1
1
1
2
2
1
2
2
14
14
4
4
4
4
4
4
4
4
4
16
16
16
13
16
13
2
14
14
14
14
14
13
14
16
16
16
16
14
16
16
16
16
16
16
3
3
3
16
2
2
11
11
11
14
14
23
23
14
23
13
14
13
14
2
2
1
14
14
11
11
2
14
14
23
14
14
9
2
9
9
16
16
16
16
16
16
16
16
16
16
23
9
14
14
14
13
1
16
4
16
16
14
16
16
16
1
16
16
2
16
14
23
14
14
16
16
16
4
2
2
2
16
16
16
2
2
6
3
3
3
4
3
3
3
4
4
4
4
4
4
4
4
4
4
4
4
4
4
3
4
4
3
4
3
4
4
1
1
4
4
4
1
1
1
1
1
1
1
1
1
1
1
1
1
1
1
1
1
1
1
3
3
2
2
1
1
1
1
1
1
3
3
4
4
1
1
1
1
1
1
1
3
1
3
1
1
2
2
2
2
4
4
2
2
3
3
3
4
3
4
3
4
4
4
4
4
4
4
1
3
3
4
3
1
4
4
1
8
1
3
4
2
3
3
1
1
1
1
1
1
1
1
3
3
3
3
