5
5
2
2
5
5
3
3
6
6
1
1
5
5
4
4
5
5
2
2
3
3
2
2
5
5
4
4
5
5
1
1
1
1
3
3
4
4
3
3
4
4
5
5
5
5
4
4
1
1
2
2
1
1
1
1
1
1
6
6
5
5
13
13
13
1
1
19
19
3
3
3
3
3
3
6
6
6
6
6
6
6
6
6
6
6
6
6
6
5
5
3
3
1
1
6
6
6
6
7
7
2
2
5
5
4
4
4
4
3
3
4
4
1
1
3
3
2
2
3
3
1
1
1
1
3
3
3
3
4
4
3
3
3
3
3
3
1
1
1
1
1
1
1
1
1
1
4
4
1
1
1
1
1
1
1
1
2
2
1
1
1
1
2
2
14
14
2
2
2
9
9
9
1
1
1
10
10
10
23
23
9
9
9
9
9
16
16
16
1
1
7
7
7
7
7
10
10
2
2
2
1
1
1
23
23
23
17
17
17
17
17
21
21
23
23
23
19
19
19
23
23
23
17
17
23
23
17
17
23
23
2
2
9
9
6
6
16
16
13
13
9
9
17
17
17
13
13
19
19
9
9
23
23
24
24
17
17
16
16
16
16
17
17
18
18
18
15
15
17
17
16
16
16
16
19
19
19
13
13
13
1
1
3
3
1
1
1
1
1
1
1
1
1
1
1
1
1
1
1
1
1
1
1
1
1
1
5
5
1
1
2
2
1
1
2
2
1
1
1
1
1
1
2
2
1
1
2
2
1
1
3
3
3
3
1
1
1
1
3
3
1
1
1
1
2
2
2
2
1
1
1
1
2
2
1
1
1
1
1
1
1
1
1
1
1
1
3
3
1
1
1
1
3
3
6
6
3
3
4
4
6
6
3
3
1
1
50
50
50
50
36
36
5
5
1
1
5
5
5
5
1
1
1
1
2
2
1
1
3
3
3
3
