3
1
16
13
3
3
3
1
1
1
3
3
3
3
3
3
3
3
2
1
1
3
3
3
3
3
4
3
3
3
4
3
1
1
1
1
1
1
1
1
1
1
1
1
1
1
1
1
1
4
1
3
1
3
3
3
3
3
4
4
4
3
16
16
16
2
4
14
16
3
3
3
3
3
4
1
1
3
3
3
3
3
1
3
3
3
3
3
3
1
1
1
1
1
1
3
3
1
3
3
3
1
3
1
1
1
1
1
1
1
1
2
2
1
1
3
3
4
4
1
3
1
4
4
3
3
3
3
3
3
3
1
3
1
1
1
2
2
1
1
1
1
1
1
1
3
1
1
1
1
1
1
1
1
1
1
1
1
1
1
1
2
2
1
2
16
16
13
13
14
4
4
4
4
4
2
16
16
3
16
16
4
4
14
4
14
23
16
16
16
16
16
16
16
16
16
14
16
4
16
16
2
16
16
3
16
13
16
16
13
2
2
14
16
20
20
14
3
3
2
2
7
2
14
23
2
13
4
3
4
4
14
23
14
14
20
14
16
13
16
16
13
16
16
16
16
8
16
14
14
14
11
16
16
16
16
16
16
16
7
16
16
16
16
13
13
13
14
14
23
13
4
4
14
13
2
2
2
16
13
16
4
2
2
2
2
2
3
3
3
3
1
1
4
1
4
4
4
3
1
1
4
3
1
1
3
1
4
4
1
1
4
4
1
1
1
1
1
4
1
1
1
1
1
1
1
1
1
1
1
1
2
1
1
1
1
1
1
1
3
3
1
1
1
1
1
1
1
3
4
3
3
1
3
3
1
3
1
1
1
3
3
1
3
3
3
3
4
4
2
4
1
3
3
3
1
3
1
3
1
1
4
4
1
4
1
3
3
3
3
3
3
3
1
3
3
3
3
3
3
3
1
1
1
2
4
4
1
1
3
3
2
3
