3
3
3
3
1
1
1
3
3
1
1
1
3
4
3
3
3
3
2
2
3
2
3
3
4
4
6
3
4
4
4
4
4
4
4
4
1
1
4
4
4
4
4
4
1
3
1
1
1
1
1
1
3
3
1
1
3
3
4
4
4
4
1
8
8
4
1
1
9
4
4
4
4
4
4
6
6
6
6
6
6
6
6
6
6
6
6
6
6
1
1
1
1
1
1
3
3
3
3
3
3
3
3
1
3
3
3
2
2
3
3
2
2
1
1
4
4
3
3
4
4
4
4
4
4
4
4
3
3
3
3
3
3
4
4
2
2
1
1
1
1
1
1
1
1
3
3
1
1
1
1
1
1
1
1
2
1
1
1
2
2
1
1
1
1
14
14
4
4
4
1
5
1
7
7
5
16
16
16
16
16
14
1
14
14
14
14
13
14
6
6
8
8
7
14
4
16
16
1
1
4
10
2
2
16
16
16
22
23
23
11
23
18
13
20
20
20
1
2
2
2
2
2
13
1
29
29
20
20
23
23
14
14
6
6
6
6
16
14
16
16
1
3
14
18
14
24
21
14
31
14
14
13
4
13
13
16
1
16
16
16
16
8
16
14
14
14
11
11
11
11
16
16
16
14
18
16
18
16
16
16
3
3
3
3
3
3
1
1
1
1
1
1
1
1
1
1
1
1
1
1
3
3
1
1
3
3
3
3
1
1
4
4
1
1
4
4
1
1
1
1
1
1
1
1
1
1
1
1
1
1
3
2
1
1
1
1
2
2
3
3
1
1
1
1
1
1
3
3
2
2
1
1
3
2
1
1
1
1
1
1
1
1
3
3
3
3
2
2
4
4
3
3
3
3
3
4
4
4
4
4
4
4
4
4
1
1
4
4
42
42
3
3
3
3
3
4
3
3
3
2
1
1
3
3
1
1
1
1
3
3
4
4
