3
3
4
4
1
1
1
1
1
1
3
1
3
3
9
3
4
4
1
1
3
3
3
3
4
4
4
4
4
3
4
4
2
1
1
3
3
3
3
3
3
1
1
1
1
4
3
4
1
1
4
4
3
1
7
1
4
3
3
3
4
4
23
13
13
3
3
13
6
3
3
3
3
3
3
6
6
6
6
3
3
3
6
6
6
6
6
3
6
3
3
3
3
1
1
3
3
1
3
3
3
3
3
1
3
1
3
2
3
6
3
2
2
1
1
4
4
4
4
4
4
4
4
5
4
4
4
3
2
2
2
3
3
4
4
1
1
1
1
1
1
1
1
2
2
3
3
3
3
3
3
1
1
1
1
4
1
1
1
2
2
1
1
1
2
14
14
13
4
4
4
7
2
2
2
2
4
4
16
23
15
19
13
8
2
2
4
2
2
16
8
4
11
4
4
4
5
23
4
10
3
2
8
2
17
17
20
16
3
3
23
13
17
14
13
13
13
20
9
20
8
8
14
21
16
8
8
14
14
17
14
14
14
6
6
7
4
14
16
16
3
16
23
2
7
7
13
21
9
14
6
6
8
14
13
16
16
16
13
24
16
16
16
16
13
13
13
6
6
7
1
16
17
23
13
2
2
16
8
8
13
4
4
3
3
3
3
3
3
3
1
1
1
1
1
2
2
1
1
4
4
1
1
1
1
1
3
4
4
3
3
4
4
1
1
1
1
1
1
1
2
2
2
1
1
1
1
1
1
1
1
3
3
2
1
1
1
1
1
2
3
1
1
1
1
1
1
3
3
1
2
3
3
2
2
1
3
1
1
1
2
1
1
4
9
4
4
3
4
3
3
4
4
4
3
4
4
3
3
4
4
4
4
3
3
2
2
4
4
46
42
42
36
46
42
3
3
3
3
3
3
1
2
1
1
1
1
1
1
3
3
4
4
